mass_A
t	x	y	v
0.233	0.000	 0      0
0.267	0.752	-0.188	34.17
0.300	2.242	-0.443	22.44
0.333	2.224	-0.456	11.15
0.367	2.966	-0.612	33.20
0.400	4.401	-0.854	21.85
0.433	4.404	-0.846	10.93
0.467	5.118	-0.982	32.08
0.500	6.512	-1.211	21.12
0.533	6.509	-1.202	10.97
0.567	7.228	-1.356	21.72
0.600	7.931	-1.476	21.16
0.633	8.622	-1.569	20.94
0.667	9.312	-1.675	20.69
0.700	9.979	-1.817	21.11
0.733	10.71	-1.878	21.49
0.767	11.40	-2.024	20.82
0.800	12.08	-2.099	20.63
0.833	12.77	-2.156	21.45
0.867	13.49	-2.331	21.33
0.900	14.17	-2.404	20.67
0.933	14.86	-2.465	20.27
0.967	15.51	-2.561	20.35
1.000	16.21	-2.622	22.14
1.033	16.97	-2.772	20.76
1.067	17.57	-2.829	19.87
1.100	18.29	-2.902	21.02
1.133	18.96	-3.031	20.35
1.167	19.63	-3.084	19.75
1.200	20.27	-3.173	20.02
1.233	20.95	-3.266	20.35
1.267	21.62	-3.329	19.76
1.300	22.26	-3.425	20.21
1.333	22.95	-3.524	20.10
1.367	23.59	-3.564	19.74
1.400	24.26	-3.617	19.47
1.433	24.89	-3.672	19.09
1.467	25.53	-3.746	19.74
1.500	26.20	-3.812	20.35
1.533	26.88	-3.856	19.40
1.567	27.49	-3.886	18.92
1.600	28.13	-3.991	19.76
1.633	28.79	-4.049	19.88
1.667	29.45	-4.130	19.40
1.700	30.08	-4.189	19.17
1.733	30.73	-4.235	19.51
1.767	31.38	-4.296	19.05
1.800	31.99	-4.364	18.52
1.833	32.61	-4.359	18.99
1.867	33.25	-4.420	18.75
1.900	33.85	-4.495	19.69
1.933	34.56	-4.512	19.39
1.967	35.14	-4.553	18.01
2.000	35.76	-4.563	18.18
2.033	36.35	-4.612	18.39
2.067	36.99	-4.594	18.21
2.100	37.57	-4.628	18.21
2.133	38.20	-4.703	18.35
2.167	38.79	-4.661	18.41
2.200	39.43	-4.696	18.04
2.233	39.99	-4.677	17.41
2.267	40.59	-4.714	17.24
2.300	41.14	-4.695	17.47
2.333	41.75	-4.681	18.29
2.367	42.36	-4.681	18.06
2.400	42.95	-4.657	17.55
2.433	43.53	-4.689	17.39
2.467	44.11	-4.698	17.21
2.500	44.68	-4.673	17.55
2.533	45.28	-4.605	17.48
2.567	45.84	-4.617	17.59
2.600	46.45	-4.580	17.24
2.633	46.99	-4.556	16.94
2.667	47.58	-4.490	17.11
2.700	48.13	-4.468	16.94
2.733	48.71	-4.460	17.19
2.767	49.27	-4.352	16.73
2.800	49.81	-4.288	16.38
2.833	50.36	-4.257	17.10
2.867	50.94	-4.157	17.30
2.900	51.50	-4.130	17.11
2.933	52.08	-4.111	16.64
2.967	52.60	-3.981	16.60
3.000	53.17	-3.935	16.59
3.033	53.69	-3.814	16.80
3.067	54.27	-3.734	16.97
3.100	54.81	-3.643	16.37
3.133	55.36	-3.594	16.82
3.167	55.92	-3.476	16.66
3.200	56.45	-3.416	16.04
3.233	56.97	-3.262	16.73
3.267	57.55	-3.185	16.62
3.300	58.06	-3.073	15.18
3.333	58.54	-2.990	16.32
3.367	59.13	-2.862	17.26
3.400	59.66	-2.731	16.03
3.433	60.17	-2.612	15.52
3.467	60.67	-2.495	16.06
3.500	61.21	-2.362	15.91
3.533	61.69	-2.201	15.70
3.567	62.21	-2.069	16.16
3.600	62.72	-1.902	15.71
3.633	63.22	-1.770	15.73
3.667	63.73	-1.603	16.21
3.700	64.26	-1.491	15.89
3.733	64.73	-1.281	15.88
3.767	65.24	-1.098	15.88
3.800	65.74	-0.952	15.45
3.833	66.22	-0.766	15.56
3.867	66.71	-0.578	15.48
3.900	67.18	-0.379	15.12
3.933	67.64	-0.187	15.29
3.967	68.12	0.00	15.56
4.000	68.59	0.229	15.33
4.033	69.05	0.426	15.28
4.067	69.51	0.665	15.16
4.100	69.96	0.871	15.43
4.133	70.44	1.096	15.64
4.167	70.92	1.275	14.80
4.200	71.32	1.541	15.31
4.233	71.81	1.775	14.97
4.267	72.20	2.011	14.93
4.300	72.68	2.255	15.18
4.333	73.08	2.513	14.79
4.367	73.52	2.771	14.60
4.400	73.93	2.991	15.18
4.433	74.39	3.292	15.28
4.467	74.80	3.519	14.77
4.500	75.22	3.818	15.00
4.533	75.63	4.085	14.57
4.567	76.03	4.361	14.87
4.600	76.42	4.677	14.91
4.633	76.83	4.944	14.86
4.667	77.22	5.267	14.72
4.700	77.63	5.520	14.41
4.733	77.98	5.855	14.85
4.767	78.37	6.178	14.79
4.800	78.73	6.492	14.27
4.833	79.09	6.795	14.72
4.867	79.48	7.129	14.79
4.900	79.81	7.464	14.37
4.933	80.18	7.776	14.27
4.967	80.50	8.120	15.35
5.000	80.88	8.526	14.38
5.033	81.17	8.812	13.31
5.067	81.54	9.113	14.82
5.100	81.85	9.527	14.63
5.133	82.14	9.886	14.56
5.167	82.49	10.25	14.48
5.200	82.76	10.62	15.07
5.233	83.09	11.06	14.72
5.267	83.38	11.38	14.94
5.300	83.73	11.83	14.48
5.333	83.94	12.17	13.86
5.367	84.24	12.60	13.83
5.400	84.53	12.88	13.70
5.433	84.80	13.32	13.90
5.467	85.06	13.64	13.38
5.500	85.25	14.09	14.99
5.533	85.63	14.46	14.16
5.567	85.84	14.83	13.75
5.600	86.05	15.28	13.69
5.633	86.30	15.61	13.42
5.667	86.53	16.03	13.88
5.700	86.77	16.41	13.96
5.733	86.98	16.85	13.35
5.767	87.16	17.21	12.74
5.800	87.37	17.60	13.61
5.833	87.64	17.98	7.415
5.867	87.77	17.90	3.421
5.900	87.87	18.01	4.769
5.933	88.04	18.07	0.0
