mass_A
t	x	y	v
0.400	-0.128	0.09238 0.0
0.433	0.529	-0.230	21.57
0.467	1.126	-0.612	22.06
0.500	1.771	-1.018	23.01
0.533	2.428	-1.424	22.42
0.567	3.049	-1.794	21.63
0.600	3.658	-2.176	22.37
0.633	4.314	-2.582	21.63
0.667	4.935	-2.845	21.00
0.700	5.544	-3.251	21.81
0.733	6.165	-3.621	22.22
0.767	6.834	-3.979	22.27
0.800	7.479	-4.314	21.63
0.833	8.101	-4.667	21.65
0.867	8.743	-5.009	21.89
0.900	9.379	-5.372	22.20
0.933	10.03	-5.747	21.53
0.967	10.64	-6.053	21.44
1.000	11.30	-6.396	22.37
1.033	11.97	-6.729	21.53
1.067	12.59	-7.032	20.74
1.100	13.20	-7.373	21.85
1.133	13.86	-7.739	21.59
1.167	14.48	-8.021	20.24
1.200	15.08	-8.318	20.79
1.233	15.72	-8.637	21.16
1.267	16.35	-8.932	20.35
1.300	16.94	-9.241	20.39
1.333	17.58	-9.515	20.60
1.367	18.18	-9.815	20.74
1.400	18.82	-10.11	20.65
1.433	19.45	-10.36	20.35
1.467	20.07	-10.64	20.36
1.500	20.68	-10.93	20.07
1.533	21.29	-11.20	20.60
1.567	21.95	-11.46	20.05
1.600	22.51	-11.74	20.12
1.633	23.17	-12.01	20.81
1.667	23.80	-12.26	20.11
1.700	24.41	-12.53	19.61
1.733	25.01	-12.75	19.28
1.767	25.60	-13.00	19.72
1.800	26.22	-13.26	20.07
1.833	26.84	-13.51	20.00
1.867	27.48	-13.71	19.92
1.900	28.10	-13.94	19.10
1.933	28.67	-14.16	18.76
1.967	29.27	-14.38	19.77
2.000	29.90	-14.63	18.90
2.033	30.45	-14.81	19.02
2.067	31.10	-15.04	19.79
2.100	31.69	-15.26	19.00
2.133	32.30	-15.44	18.84
2.167	32.89	-15.64	19.09
2.200	33.50	-15.86	19.30
2.233	34.11	-16.06	17.80
2.267	34.63	-16.23	17.82
2.300	35.24	-16.43	19.02
2.333	35.85	-16.59	19.09
2.367	36.46	-16.79	18.60
2.400	37.03	-16.95	18.03
2.433	37.61	-17.12	18.27
2.467	38.19	-17.32	18.12
2.500	38.77	-17.46	17.97
2.533	39.36	-17.58	18.01
2.567	39.93	-17.76	17.54
2.600	40.49	-17.90	17.86
2.633	41.09	-18.05	19.02
2.667	41.73	-18.14	17.56
2.700	42.23	-18.32	16.86
2.733	42.82	-18.43	17.76
2.767	43.38	-18.58	17.77
2.800	43.97	-18.71	17.38
2.833	44.51	-18.83	17.51
2.867	45.12	-18.91	17.66
2.900	45.68	-19.02	17.13
2.933	46.24	-19.14	17.21
2.967	46.81	-19.21	17.51
3.000	47.39	-19.32	17.38
3.033	47.96	-19.37	17.33
3.067	48.54	-19.47	17.00
3.100	49.07	-19.60	16.36
3.133	49.62	-19.63	16.06
3.167	50.13	-19.67	17.00
3.200	50.74	-19.75	17.98
3.233	51.32	-19.82	16.07
3.267	51.81	-19.87	16.10
3.300	52.39	-19.95	17.09
3.333	52.94	-20.00	16.27
3.367	53.47	-20.07	16.91
3.400	54.06	-20.10	16.89
3.433	54.59	-20.13	15.86
3.467	55.12	-20.17	16.68
3.500	55.70	-20.17	16.67
3.533	56.23	-20.19	16.25
3.567	56.79	-20.17	16.27
3.600	57.31	-20.20	16.05
3.633	57.85	-20.26	16.20
3.667	58.39	-20.22	15.31
3.700	58.87	-20.24	15.96
3.733	59.46	-20.21	16.11
3.767	59.94	-20.18	15.69
3.800	60.50	-20.15	16.47
3.833	61.04	-20.11	16.21
3.867	61.58	-20.07	15.46
3.900	62.07	-20.07	15.35
3.933	62.60	-19.99	15.72
3.967	63.11	-19.96	15.72
4.000	63.64	-19.88	15.66
4.033	64.15	-19.81	15.50
4.067	64.67	-19.76	15.43
4.100	65.17	-19.69	15.80
4.133	65.70	-19.57	16.45
4.167	66.24	-19.47	15.41
4.200	66.71	-19.40	14.68
4.233	67.21	-19.31	13.87
4.267	67.63	-19.24	14.45
4.300	68.16	-19.15	15.74
4.333	68.65	-19.03	15.40
4.367	69.15	-18.90	15.23
4.400	69.64	-18.79	14.66
4.433	70.10	-18.68	14.36
4.467	70.56	-18.54	15.10
4.500	71.06	-18.37	15.31
4.533	71.54	-18.25	14.75
4.567	72.01	-18.09	14.59
4.600	72.46	-17.94	14.34
4.633	72.90	-17.75	14.41
4.667	73.36	-17.60	15.01
4.700	73.84	-17.41	15.17
4.733	74.30	-17.22	14.72
4.767	74.75	-17.04	14.51
4.800	75.18	-16.82	14.64
4.833	75.63	-16.63	14.99
4.867	76.08	-16.39	14.64
4.900	76.51	-16.19	14.38
4.933	76.94	-15.96	14.71
4.967	77.38	-15.74	14.92
5.000	77.82	-15.49	14.65
5.033	78.25	-15.29	14.20
5.067	78.65	-15.04	14.43
5.100	79.05	-14.77	14.85
5.133	79.49	-14.52	15.10
5.167	79.91	-14.23	14.36
5.200	80.28	-13.99	14.66
5.233	80.73	-13.71	14.94
5.267	81.10	-13.41	14.15
5.300	81.47	-13.13	14.98
5.333	81.90	-12.82	15.14
5.367	82.27	-12.51	13.86
5.400	82.62	-12.24	15.34
5.433	83.09	-11.90	15.61
5.467	83.47	-11.63	13.46
5.500	83.77	-11.31	14.70
5.533	84.12	-10.91	15.42
5.567	84.53	-10.62	14.37
5.600	84.85	-10.28	13.62
5.633	85.15	-9.960	13.99
5.667	85.48	-9.589	14.52
5.700	85.86	-9.301	14.24
5.733	86.22	-8.997	15.63
5.767	86.54	-8.508	15.40
5.800	86.83	-8.170	14.15
5.833	87.22	-7.849	14.33
5.867	87.52	-7.511	14.01
5.900	87.82	-7.140	13.62
5.933	88.14	-6.853	14.42
5.967	88.31	-6.312	12.93
6.000	88.63	-6.144	12.75
6.033	88.95	-5.755	14.37
6.067	89.26	-5.417	14.34
6.100	89.51	-4.978	15.43
6.133	89.77	-4.522	14.01
6.167	90.12	-4.269	8.010
6.200	90.27	-4.353	3.133
6.233	90.32	-4.320	5.579
6.267	90.64	-4.370	6.707
6.300	90.76	-4.404	3.582
