mass_A
t	x	y	v
1.000	0       0       0
1.033	0.851	0.0456	24.46
1.067	1.595	0.213	22.40
1.100	2.324	0.289	22.55
1.133	3.088	0.384	23.56
1.167	3.881	0.497	23.86
1.200	4.659	0.636	23.53
1.233	5.436	0.706	23.56
1.267	6.218	0.832	23.44
1.300	6.981	0.936	22.77
1.333	7.723	1.029	23.10
1.367	8.506	1.152	23.15
1.400	9.249	1.259	22.43
1.433	9.986	1.368	23.10
1.467	10.78	1.406	23.22
1.500	11.52	1.581	22.74
1.533	12.28	1.667	22.66
1.567	13.02	1.724	21.76
1.600	13.71	1.853	21.87
1.633	14.48	1.822	23.40
1.667	15.27	2.018	23.08
1.700	15.99	2.095	22.06
1.733	16.73	2.162	22.84
1.767	17.50	2.285	22.87
1.800	18.24	2.360	21.75
1.833	18.94	2.463	22.16
1.867	19.71	2.501	22.41
1.900	20.43	2.547	22.32
1.933	21.19	2.629	22.45
1.967	21.92	2.759	22.28
2.000	22.66	2.838	22.49
2.033	23.41	2.852	22.42
2.067	24.16	2.950	21.97
2.100	24.87	3.018	21.54
2.133	25.59	3.060	21.95
2.167	26.32	3.161	21.87
2.200	27.03	3.231	21.45
2.233	27.75	3.312	21.48
2.267	28.46	3.387	21.48
2.300	29.17	3.443	21.90
2.333	29.91	3.474	21.56
2.367	30.61	3.501	21.24
2.400	31.33	3.583	21.51
2.433	32.04	3.644	20.84
2.467	32.71	3.655	20.90
2.500	33.42	3.756	21.40
2.533	34.14	3.764	20.69
2.567	34.80	3.778	21.20
2.600	35.55	3.863	21.89
2.633	36.26	3.842	20.83
2.667	36.93	3.949	20.66
2.700	37.64	3.903	20.58
2.733	38.30	4.004	21.26
2.767	39.05	3.996	20.82
2.800	39.69	4.035	19.50
2.833	40.35	4.098	20.06
2.867	41.03	4.101	19.90
2.900	41.67	4.100	20.14
2.933	42.37	4.053	20.60
2.967	43.05	4.116	20.08
3.000	43.70	4.139	20.57
3.033	44.42	4.160	20.22
3.067	45.05	4.187	18.07
3.100	45.62	4.161	19.84
3.133	46.37	4.204	21.02
3.167	47.02	4.211	19.82
3.200	47.70	4.187	19.76
3.233	48.34	4.252	18.76
3.267	48.94	4.240	18.78
3.300	49.59	4.210	19.05
3.333	50.22	4.254	19.26
3.367	50.87	4.222	18.68
3.400	51.46	4.240	18.69
3.433	52.12	4.247	18.98
3.467	52.73	4.253	18.42
3.500	53.35	4.223	18.89
3.533	53.98	4.223	17.90
3.567	54.54	4.171	18.22
3.600	55.20	4.142	19.09
3.633	55.81	4.190	18.45
3.667	56.43	4.156	18.06
3.700	57.01	4.059	18.16
3.733	57.63	4.093	17.89
3.767	58.20	4.100	17.71
3.800	58.81	4.045	18.18
3.833	59.41	4.054	17.57
3.867	59.98	3.992	17.99
3.900	60.61	3.988	18.23
3.933	61.20	3.896	17.65
3.967	61.78	3.903	17.70
4.000	62.38	3.875	17.74
4.033	62.96	3.810	16.56
4.067	63.48	3.829	16.55
4.100	64.06	3.813	17.76
4.133	64.66	3.774	17.35
4.167	65.22	3.760	16.53
4.200	65.76	3.716	16.67
4.233	66.33	3.758	17.64
4.267	66.94	3.744	16.94
4.300	67.46	3.693	16.26
4.333	68.02	3.677	15.58
4.367	68.49	3.568	16.49
4.400	69.12	3.615	17.04
4.433	69.63	3.547	16.00
4.467	70.18	3.568	15.80
4.500	70.68	3.533	16.28
4.533	71.27	3.494	17.17
4.567	71.82	3.498	15.77
4.600	72.32	3.440	15.56
4.633	72.86	3.448	16.55
4.667	73.42	3.371	15.97
4.700	73.92	3.377	15.84
4.733	74.47	3.325	15.85
4.767	74.98	3.341	15.49
4.800	75.50	3.322	15.47
4.833	76.01	3.305	15.22
4.867	76.52	3.288	15.14
4.900	77.02	3.242	15.08
4.933	77.52	3.251	14.89
4.967	78.01	3.217	15.61
5.000	78.56	3.199	15.87
5.033	79.07	3.209	14.70
5.067	79.54	3.199	14.86
5.100	80.06	3.183	15.13
5.133	80.55	3.170	15.13
5.167	81.06	3.113	15.13
5.200	81.56	3.144	15.04
5.233	82.07	3.129	14.40
5.267	82.52	3.071	14.27
5.300	83.02	3.081	14.56
5.333	83.49	3.091	14.33
5.367	83.97	3.106	14.91
5.400	84.48	3.089	14.63
5.433	84.95	3.120	14.16
5.467	85.42	3.112	13.46
5.500	85.84	3.132	13.21
5.533	86.31	3.131	15.09
5.567	86.85	3.160	15.03
5.600	87.31	3.082	13.73
5.633	87.76	3.102	13.94
5.667	88.23	3.136	13.64
5.700	88.67	3.131	13.44
5.733	89.13	3.135	14.18
5.767	89.61	3.192	14.08
5.800	90.07	3.194	13.13
5.833	90.49	3.191	13.51
5.867	90.96	3.267	13.70
5.900	91.40	3.252	13.38
5.933	91.85	3.322	13.65
5.967	92.31	3.336	13.44
6.000	92.75	3.384	14.05
6.033	93.24	3.397	13.88
6.067	93.67	3.433	12.84
6.100	94.09	3.520	13.33
6.133	94.55	3.565	13.00
6.167	94.95	3.597	13.06
6.200	95.42	3.633	13.09
6.233	95.82	3.709	13.02
6.267	96.28	3.777	12.93
6.300	96.67	3.826	12.56
6.333	97.10	3.895	13.17
6.367	97.54	3.983	13.22
6.400	97.98	4.033	12.45
6.433	98.36	4.113	12.57
6.467	98.80	4.189	13.28
6.500	99.22	4.287	12.32
6.533	99.61	4.342	12.48
6.567	100.0	4.448	12.84
6.600	100.4	4.538	12.31
6.633	100.8	4.640	12.25
6.667	101.2	4.728	12.34
6.700	101.6	4.838	12.08
6.733	102.0	4.945	12.15
6.767	102.4	5.083	12.26
6.800	102.8	5.125	12.35
6.833	103.2	5.291	12.47
6.867	103.6	5.434	11.86
6.900	104.0	5.553	12.03
6.933	104.3	5.675	11.88
6.967	104.7	5.811	11.80
7.000	105.1	5.946	11.64
7.033	105.4	6.077	11.84
7.067	105.8	6.213	12.53
7.100	106.2	6.426	12.33
7.133	106.6	6.593	9.295
7.167	106.8	6.547	7.097
7.200	107.0	6.639	9.120
7.233	107.4	6.684	9.584
7.267	107.6	6.942	6.798
7.300	107.8	6.791	7.687
7.333	108.1	7.049	9.075
7.367	108.4	7.079	7.419
7.400	108.6	7.140	0.0






